296,509,305,481,329,465,350,443,365,417,381,391,400,367,405,339,414,312,425,286,424,258,429,229,422,203,400,211,387,231,380,254,375,278,368,301,353,319,340,273,333,225,334,174,337,125,339,74,320,33,299,52,297,85,295,118,289,149,288,182,277,208,270,178,272,142,273,106,275,70,275,34,256,9,235,31,235,68,233,103,224,136,226,171,224,204,215,177,211,148,212,117,215,87,215,56,199,36,177,60,175,97,173,134,169,170,174,206,173,241,161,222,155,198,147,175,143,150,139,125,122,109,108,140,113,178,120,215,130,251,133,290,136,329,136,369,141,407,152,442,153,477,142,511
284,511,299,488,321,471,335,449,348,426,363,403,379,381,384,352,392,326,404,300,405,271,411,243,404,217,382,223,369,243,360,266,356,289,349,312,335,331,330,285,326,238,331,191,336,144,340,96,325,56,303,72,298,104,294,137,286,168,282,200,270,225,266,194,270,160,275,126,280,91,284,57,269,30,246,50,240,84,234,118,222,150,222,185,217,219,209,193,209,163,213,135,219,107,224,79,212,57,187,78,178,112,171,148,163,183,167,219,164,255,156,234,152,210,147,186,146,161,144,136,130,119,113,147,113,184,115,222,122,257,122,295,125,333,127,369,131,406,140,442,141,477,126,510
293,510,310,490,328,472,340,450,352,427,365,406,379,384,381,355,388,328,398,303,400,275,406,247,402,221,378,226,364,246,355,269,351,294,344,319,331,338,326,292,322,245,327,198,332,152,335,106,320,66,297,83,293,115,290,148,282,178,279,210,268,237,261,209,264,173,266,137,270,102,271,65,251,41,231,63,229,98,225,133,216,165,217,200,211,232,202,207,200,178,202,149,207,120,209,90,195,69,171,91,166,126,162,162,156,198,161,233,155,268,138,254,127,232,117,210,111,186,105,162,87,148,76,177,82,212,90,245,103,276,113,308,121,342,126,375,130,410,137,444,145,476,133,507
310,506,323,483,345,466,359,443,372,419,387,396,402,374,405,345,413,317,423,290,419,262,420,232,407,210,388,222,379,243,375,267,373,290,366,312,352,330,346,284,340,238,341,191,345,144,346,98,329,59,308,76,304,108,300,140,295,171,293,203,279,224,271,195,269,162,273,129,276,97,280,64,264,41,242,60,235,92,230,124,222,155,225,188,226,222,215,200,212,172,215,143,220,117,225,90,214,67,188,86,179,120,173,155,168,189,174,224,175,258,161,243,153,219,147,196,145,172,142,147,127,131,112,160,113,196,117,233,128,267,134,302,140,338,143,375,148,411,158,445,165,479,156,511
334,509,351,490,369,472,381,449,392,427,406,406,420,385,421,357,428,329,436,302,430,274,427,246,420,221,400,229,392,251,389,274,389,297,384,320,373,340,367,294,359,249,359,201,358,155,355,108,331,74,313,94,314,125,316,156,312,186,313,217,305,244,300,213,303,179,304,144,305,109,304,73,285,49,264,70,264,105,262,140,255,172,257,206,252,239,242,216,242,188,242,160,247,133,249,105,234,86,211,107,205,141,201,175,198,210,201,245,199,279,192,261,191,238,187,215,189,192,191,169,180,151,158,171,152,204,150,239,155,274,155,308,155,343,160,377,165,412,174,444,185,476,181,509
316,511,330,489,351,471,365,450,378,427,393,405,409,384,416,357,428,332,442,309,447,282,457,256,455,230,431,232,413,252,401,275,393,300,381,322,360,335,342,293,334,244,334,194,336,144,336,93,318,50,296,69,294,103,294,137,287,168,287,202,275,228,271,196,272,160,272,124,273,88,271,52,251,29,232,53,232,89,231,125,224,158,227,193,223,226,209,203,202,174,200,143,200,111,197,80,178,62,160,89,161,127,163,164,163,201,171,235,171,269,159,251,151,228,142,205,136,181,130,158,114,142,100,170,106,205,115,240,126,273,133,308,138,344,143,380,149,415,160,448,171,481,162,511
284,508,295,481,311,457,332,437,349,412,365,388,385,365,395,338,410,313,425,289,429,260,436,232,428,207,405,215,391,235,381,258,374,281,359,302,337,309,315,269,308,220,313,170,321,121,327,71,312,27,289,46,284,79,279,112,270,144,266,178,249,202,244,172,246,137,248,102,250,66,250,30,231,6,211,29,210,65,207,101,199,134,201,170,193,202,179,179,172,152,170,123,170,92,168,63,155,40,131,61,131,99,133,137,132,174,141,209,140,243,119,232,105,211,92,190,82,168,72,145,52,135,46,167,59,201,73,234,91,265,104,298,114,333,119,370,126,405,140,439,143,473,133,508
351,507,365,484,383,465,394,441,403,417,415,394,427,371,426,342,429,313,435,285,431,258,432,229,422,204,402,214,393,235,388,258,388,281,386,305,379,327,368,283,360,237,361,189,362,141,360,93,339,56,320,76,320,109,320,141,314,171,315,204,308,233,298,207,299,170,298,134,297,97,294,62,273,38,254,61,256,97,257,133,251,166,254,202,250,235,243,210,238,180,237,150,238,120,238,89,221,69,200,93,199,129,199,166,197,202,204,236,200,269,178,266,163,244,147,222,136,199,125,176,103,168,99,199,111,230,126,260,144,288,157,319,167,350,174,383,179,417,188,449,203,480,197,511
301,509,314,489,333,473,350,455,366,436,383,417,402,402,415,377,432,355,452,333,460,307,474,283,475,257,451,257,431,273,416,294,403,317,384,335,361,336,341,294,333,244,330,192,331,140,328,88,306,47,286,67,287,99,287,132,283,162,283,196,276,223,271,191,274,155,275,120,277,84,278,48,259,24,238,45,237,80,234,115,226,147,227,183,223,216,212,191,208,162,208,132,211,103,211,72,196,51,173,74,171,110,169,147,165,184,171,219,172,255,163,235,159,210,153,187,151,162,148,137,133,121,116,149,118,186,122,223,130,259,130,296,134,333,136,370,141,406,150,441,154,477,140,510
317,502,330,481,351,467,367,446,381,426,396,405,413,386,423,360,436,335,453,312,461,284,473,259,471,233,446,235,427,253,413,275,403,299,387,319,365,326,342,285,334,235,337,184,343,133,346,81,328,37,307,57,304,91,302,124,295,155,292,189,279,217,266,193,265,155,264,119,262,82,260,45,241,18,220,40,222,76,223,113,218,148,222,184,217,217,199,195,188,167,180,137,174,106,166,76,146,57,130,86,137,122,145,157,150,193,162,227,165,260,145,249,130,227,115,206,104,183,92,160,71,153,68,184,80,214,95,243,112,271,126,301,135,332,141,365,146,398,154,430,168,460,161,490
267,507,285,491,302,473,314,453,325,433,338,413,352,394,358,366,368,341,382,316,385,287,393,261,390,235,366,238,350,258,340,281,333,305,323,329,306,346,300,300,303,253,317,209,330,165,341,122,333,79,308,94,297,125,287,157,275,187,265,218,243,240,240,210,246,176,252,142,257,108,262,73,247,46,223,64,218,98,211,132,199,164,197,200,185,231,169,210,161,181,158,151,157,121,155,90,140,68,118,90,119,127,120,163,117,199,124,233,129,267,109,256,95,234,82,211,73,188,64,164,43,155,38,186,49,219,60,250,75,280,88,312,96,345,97,380,98,415,105,448,115,480,103,511
295,501,314,486,332,470,346,451,359,431,372,411,388,392,394,364,405,339,420,315,428,289,441,264,441,238,417,237,396,255,383,276,374,300,362,323,346,340,342,293,348,246,364,202,379,159,392,115,385,71,360,85,348,116,338,146,324,176,313,206,291,227,280,199,283,163,286,127,289,91,290,54,274,27,251,46,250,82,246,117,236,149,235,185,231,219,223,192,220,162,222,131,225,101,227,71,212,49,189,71,186,107,183,143,177,178,180,215,178,250,162,236,155,212,147,187,142,162,137,136,120,121,107,150,111,183,117,216,126,248,131,281,133,315,133,349,132,384,136,418,144,450,139,481
292,489,307,468,327,454,342,434,357,414,374,395,391,376,399,349,413,324,426,300,424,272,426,243,419,217,398,225,387,246,381,268,376,290,364,311,347,325,335,281,333,231,340,184,349,138,355,90,340,48,317,65,312,97,306,128,297,158,292,190,276,214,278,183,286,149,292,116,298,83,304,49,289,22,264,41,258,74,251,108,238,139,235,173,220,202,204,180,196,151,191,121,188,91,184,61,166,41,147,65,150,100,154,135,154,171,161,204,163,238,146,222,135,200,123,178,115,155,107,131,87,119,79,149,87,182,99,214,113,245,123,278,129,312,130,347,130,384,137,418,145,451,134,483
247,511,266,496,284,480,298,460,311,440,326,420,341,401,349,374,362,348,375,322,368,295,366,267,353,243,334,253,327,274,324,296,321,317,312,337,296,351,292,305,293,257,304,212,315,169,324,124,314,82,289,96,281,126,272,157,262,186,254,217,237,240,231,211,236,176,241,141,246,106,249,70,231,44,209,65,206,99,200,133,188,164,187,199,181,231,170,208,167,178,169,148,173,118,175,88,160,66,137,87,133,123,129,159,123,194,126,230,126,265,114,248,107,224,99,201,94,176,90,151,73,136,59,164,63,198,69,232,78,264,83,298,85,333,86,369,86,402,91,436,98,468,83,498
304,504,321,485,341,472,356,451,369,430,385,410,402,391,408,363,419,336,430,310,428,282,429,252,421,226,400,234,390,255,384,278,381,301,372,323,357,339,347,293,343,243,349,194,356,146,360,97,345,53,322,71,318,104,314,137,305,168,301,201,287,226,285,196,289,161,293,127,297,92,300,57,285,29,260,46,257,81,252,116,242,149,242,186,232,217,217,195,211,167,209,136,210,105,209,74,193,53,171,76,171,113,171,149,168,186,175,221,175,255,160,242,152,219,145,196,142,171,139,146,124,130,108,156,109,191,114,225,123,258,130,291,135,325,140,360,142,394,150,427,158,460,147,491
282,500,296,481,316,467,333,448,348,430,364,411,382,394,393,369,409,346,428,324,439,299,454,276,454,250,429,248,408,263,392,284,380,307,362,327,339,335,328,290,332,241,348,196,363,152,377,106,370,62,344,76,333,107,323,137,308,167,297,197,277,221,278,192,289,159,298,126,307,93,316,60,306,30,279,45,269,78,259,111,244,142,234,175,218,205,196,187,184,158,176,127,170,96,162,65,141,47,125,74,133,108,140,141,143,177,152,210,156,244,140,226,130,204,119,182,112,158,105,134,87,121,77,150,82,183,93,215,106,246,115,278,121,312,122,347,122,382,126,416,135,448,129,481
300,507,316,491,334,478,349,461,363,443,380,426,397,411,410,386,428,363,446,339,448,311,453,283,448,257,426,262,413,281,404,303,396,324,380,342,358,348,346,301,345,251,356,204,367,157,377,110,367,65,342,80,334,112,327,144,316,175,304,206,281,225,264,195,257,159,249,123,242,87,231,52,204,33,192,61,201,92,207,124,209,157,216,189,221,221,207,196,197,168,191,138,185,107,179,77,159,58,142,85,148,120,155,154,157,190,167,223,168,255,147,243,133,221,119,200,108,177,96,154,75,147,70,177,81,206,96,234,112,262,125,291,132,322,136,355,136,389,140,422,149,453,144,483
307,500,324,480,343,463,356,441,369,419,383,397,397,376,400,347,407,320,417,294,413,267,412,238,403,212,383,219,374,239,369,261,368,284,364,306,354,326,345,282,342,233,349,186,356,138,361,90,344,49,322,67,318,100,314,133,305,164,301,197,287,222,284,191,288,156,291,121,295,85,296,49,278,23,256,44,254,80,250,115,241,148,240,183,233,216,223,191,219,161,220,130,223,100,224,69,207,49,185,73,183,110,181,147,177,183,181,220,180,255,173,234,169,210,165,187,163,162,161,138,148,120,129,143,128,177,131,212,136,245,139,279,137,314,141,348,142,384,149,417,159,449,154,480
